15310.691622257233
-18406.30832695961
-19745.308306217194
-19639.308287620544
-19416.308267354965
-19339.30824637413
-19301.30822944641
-19281.308213949203
-19256.30819773674
-19206.308180332184
-18659.308158397675
-18350.308136224747
-18340.308120012283
-18335.30810189247
-18320.308084011078
-18313.308068037033
-18304.308050870895
-18293.30803179741
-18290.30801510811
-17321.307994365692
-17126.307976722717
-17122.307957172394
-17116.307938098907
-16647.3079161644
-16545.30789899826
-16314.307881355286
-16313.307863235474
-16222.307846307755
-16116.307831048965
-15951.307816505432
-15908.30780005455
-15847.307784318924
-14841.30776834488
-14597.307749271393
-14464.307733297348
-13876.307713747025
-13132.307695150375
-12897.307676315308
-12787.307658672333
-11918.30763888359
-11219.30762052536
-10838.307598114014
-10828.307579517365
