65442.67355823517
65439.67360472679
-2157.3263754844666
-16838.326357603073
-15097.326325893402
-12637.326305150986
-11899.326286792755
-9773.326268434525
-9637.326251506805
-8138.326234579086
-6338.326217889786
-3938.3262004852295
-2108.3261811733246
1026.6738367080688
1087.673853635788
17388.673869371414
17556.67388534546
26010.673903226852
59045.673919439316
60619.67393660545
62357.67395210266
62478.67397046089
62482.67398715019
62485.67400288582
63727.67401885986
69197.67404723167
70729.67406463623
71961.67408037186
73764.67409563065
74696.67411065102
75113.67412614822
75955.67414307594
77307.6741578579
77886.67417287827
78760.67418813705
80651.6742041111
81241.67422175407
82269.67423939705
82491.67425656319
83229.67427253723
84839.6742875576
86978.67430329323
87014.6743183136
87071.67433738708
149360.6743543148
