-14249.975625276566
477946.02442097664
-12810.975559473038
-19697.97553706169
-19622.975516080856
-19619.97549510002
-19486.975476264954
-19435.975459575653
-19249.975442647934
-18900.975425720215
-18394.97540473938
-17315.975385427475
-16973.975367069244
-16818.975351333618
-16803.97533583641
-16281.975319385529
-16275.975304365158
-16123.975286960602
-15950.975268125534
-14765.975244045258
-14492.975226163864
-14354.97520685196
-14281.975186347961
-14275.975171089172
-13379.975155591965
-13214.97513961792
-12815.97512102127
-12652.975104570389
-5331.975088357925
7174.024926662445
27261.024941444397
50803.02495789528
52034.024973630905
52439.02498912811
82841.02500534058
87192.02502131462
87192.02503871918
97762.02505397797
124422.02506971359
132383.0250864029
133438.0251033306
136216.02511811256
136914.02513360977
137480.02515268326
143918.02516913414
143918.0251841545
146487.02519869804
148164.02521586418
148164.02523088455
154412.02524614334
