76993.40836334229
4908.408415555954
-2914.5915648937225
-19625.591546535492
-19599.591527462006
-19552.591507196426
-19515.591487646103
-19483.591469287872
-19479.591453313828
-19464.591437101364
-19329.5914208889
-19306.59140253067
-19239.591382026672
-19228.59136366844
-19214.59134721756
-19139.591331481934
-18919.59131002426
-18857.59129023552
-18833.59127473831
-18821.591258764267
-18743.5912399292
-18729.59122133255
-18712.591204881668
-18710.591188669205
-18580.591170310974
-18173.591149806976
-17950.591126918793
-17924.591108560562
-17722.591081380844
-17710.591064214706
-17391.591042280197
-17336.591025590897
-17108.591005802155
-16982.59098958969
-16926.590970993042
