-9619.408699989319
-4140.408650636673
-18452.40862584114
-19738.40860724449
-19698.408589839935
-19688.408569574356
-19687.4085521698
-19676.40853524208
-19662.40851688385
-19647.408497333527
-19647.408479452133
-19633.40846157074
-19623.40844464302
-19622.40842795372
-19611.408411979675
-19550.408395290375
-19544.40837907791
-19518.408360004425
-19470.40834212303
-19445.408326625824
-19433.408311128616
-19426.40829205513
-19395.40827536583
-19382.408259153366
-19381.40824198723
-19379.40822649002
-19375.408207178116
-19372.408190250397
-19368.408173561096
-19365.408145189285
-19331.4081261158
-19317.408109664917
-19292.408094406128
-19280.40807747841
-19272.408063173294
-19272.408048391342
-19263.40803217888
-19260.40801668167
-19251.408002138138
-19246.407987594604
-19235.40797305107
-19196.40795660019
-19187.40793943405
-19186.407920598984
-19182.407903194427
-19181.40788793564
-19160.407873153687
-19149.407856702805
-19147.40784096718
-19146.407825231552
-19141.407809495926
-19138.40779399872
-19130.407777309418
-19130.40776157379
-19124.40774679184
-19114.407730340958
-19108.407709360123
-19106.40769290924
-19093.407672405243
-19089.407654762268
-19055.40763926506
-19045.40762400627
-19034.40760922432
-19029.407594680786
-19019.40758037567
-19009.407564878464
-18988.407547950745
-18985.407533168793
-18983.40751862526
-18978.4073741436
-18954.407356500626
-18945.407340765
-18942.407324790955
-18931.4073073864
-18927.407290935516
