32848.99462866783
33383.99467921257
40051.9947013855
-19743.005276679993
-19742.005256175995
-19742.005232572556
-19741.005212783813
-19741.005194664
-19739.005175828934
-19735.005155563354
-19732.00513958931
-19730.00512290001
-19728.00510454178
-19727.00508594513
-19726.005068540573
-19725.00505208969
-19724.00503563881
-19722.00501704216
-19722.004999876022
-19721.004980802536
-19721.004962682724
-19720.00493979454
-19719.004922151566
-19716.004903554916
-19716.004886865616
-19712.004870653152
-19711.00485253334
-19711.004835367203
-19708.004817008972
-19707.00480079651
-19706.004785060883
-19703.004769802094
-19702.00475502014
-19697.00473499298
-19695.004719257355
-19692.004703760147
-19691.004686117172
-19684.004662036896
-19683.004645586014
-19680.004630565643
-19679.004615545273
-19678.004598855972
-19678.004582881927
-19678.00456547737
-19678.004548549652
-19677.004529953003
-19676.004511594772
-19674.00448989868
-19667.0044734478
-19660.004456281662
-19657.004435300827
-19656.004418373108
-19655.004402399063
-19654.004386901855
-19646.004369735718
-19635.004349708557
-19633.00433254242
-19633.00431418419
-19632.004296541214
-19632.004278182983
-19631.004262685776
