-9157.010177850723
53373.98986840248
10690.989892244339
-19662.010088205338
-19321.010067224503
-19232.010045289993
-19136.010028123856
-18189.010009765625
-16696.009991168976
-13795.009970664978
-13609.009952306747
-13216.009930610657
-13066.009912252426
-12491.009895563126
-11362.009878396988
-11140.009861707687
-9950.009844303131
-9364.009821653366
-9057.009798288345
-8328.009781599045
-6498.009764671326
-4992.009744882584
-3283.0097262859344
-3214.009706258774
-2518.0096893310547
-1872.0096724033356
-1389.0096545219421
-1343.0096373558044
-823.0096216201782
4596.990398645401
9394.990415334702
18678.99043750763
27565.990453720093
41044.99046945572
46445.99048423767
47901.990500211716
47904.99051833153
47912.99053478241
47918.990550518036
47921.99056625366
47927.99058222771
47930.99059844017
47948.990614652634
47952.99063515663
47962.990652799606
47973.99066877365
47976.990684986115
47986.99070310593
47997.99071931839
48008.990735292435
48013.99075126648
48018.990767240524
51733.99078321457
53183.990800619125
55451.99082136154
