-6926.911778926849
1237.0882720947266
-3061.9117035865784
-19735.911680936813
-19731.911660432816
-19730.91163778305
-19729.911617279053
-19709.91159772873
-19705.911578178406
-19705.911557912827
-19675.911539316177
-19651.911520004272
-19615.911499738693
-19597.91148328781
-19553.91146659851
-19553.911448955536
-19552.911432027817
-19540.91141462326
-19500.91139602661
-19496.91137766838
-19462.91135787964
-19446.911336898804
-19423.911317825317
-19372.91129922867
-19368.91128206253
-19367.911264657974
-19356.911243915558
-19327.91122364998
-19285.91120648384
-19279.911190271378
-19210.911170959473
-19208.911154031754
-19207.91113805771
-19145.911119937897
-19131.911101818085
-19101.91108393669
-19093.911064624786
-19087.911045074463
-19086.91102719307
-18997.911009788513
-18950.91099333763
-18944.91097521782
-18932.91095685959
-18920.910938501358
-18897.910920619965
-18852.91090297699
-18819.910884857178
-18777.910863876343
-18728.910845279694
-18714.91082882881
-18681.910813093185
-18655.910796880722
-18636.91078066826
-18621.910764932632
-18603.91074371338
-18578.910727500916
-18563.910710573196
-18557.910693883896
-18540.910675048828
-18536.91065597534
-18523.910638570786
-18510.910621643066
