12113.438224554062
7248.438277482986
4606.438297510147
-19748.561681747437
-19746.56166243553
-19687.56163930893
-19589.561618328094
-19574.56159901619
-19508.561579704285
-19435.56155705452
-19377.561537981033
-19371.56151843071
-19333.561502218246
-19237.561483860016
-19152.561465740204
-18966.561446666718
-18563.56142091751
-18538.561400413513
-18442.561381340027
-18407.561362028122
-18273.561331272125
-18266.56131052971
-18034.561291217804
-18023.561273813248
-17917.56125664711
-17744.561238765717
-17536.56121778488
-17525.56120109558
-17461.561185359955
-17451.561167240143
-17435.56114912033
-17142.561126232147
-17108.561110019684
-17039.561095237732
-16951.561078071594
-16894.56106209755
-16845.56104183197
-16717.561024188995
-16666.561007738113
-16654.560991048813
-16524.560975074768
-16305.560956001282
-16266.560938358307
-16194.56091761589
-16111.560900688171
-15902.560884714127
-15735.560866594315
-15361.560846328735
