6990.684506177902
-18076.315445661545
-17945.315425634384
-17615.315405845642
-17530.315387010574
-17529.315366268158
-17011.31534552574
-15928.31532740593
-15915.315310239792
-15777.31529045105
-15699.31527042389
-15646.31525182724
-15210.315232276917
-15055.31521487236
-14418.315197706223
-13536.315181016922
-9429.31516456604
-5032.315146923065
-4790.315130472183
-4059.31511425972
-3649.315097808838
-2708.3150770664215
-2162.315059185028
-1878.3150436878204
-1252.3150277137756
483.68498826026917
1245.6850056648254
1378.685020685196
1423.6850352287292
1445.6850500106812
1705.6850650310516
2128.6850810050964
2990.6850957870483
7474.68511557579
8938.68513059616
15758.685145616531
48584.68516302109
53642.68517971039
56750.68519616127
57180.68521237373
85552.68522763252
152893.68524551392
179733.68526220322
335306.68529105186
395409.68530774117
395492.68532276154
395497.6853380203
395562.6853542328
395616.68536901474
422594.68538451195
498741.6854016781
501255.68542194366
506996.6854467392
507030.68546557426
518574.68548321724
648133.6854994297
