6670.259613990784
-7917.7403383255005
-4115.740319013596
-19611.740302085876
-19595.740285396576
-19552.74026441574
-19534.74024772644
-19476.740231990814
-19436.740213632584
-18520.74019217491
-18376.740173578262
-16744.740147590637
-16339.740128040314
-16305.740112543106
-16287.740097284317
-16138.74007987976
-16118.740064620972
-15678.74004817009
-15492.740032196045
-14495.74001288414
-13886.739996433258
-13171.739975690842
-12984.739957332611
-12760.739939451218
-12430.73992395401
-12355.73990893364
-11820.739889860153
-11758.739873409271
-11650.739857196808
-11511.739840984344
-11146.739825248718
-11103.73980808258
-10882.73979139328
-10532.739775419235
-10395.739759206772
-10285.73974442482
-10069.73972773552
-9941.73971247673
-9811.739697933197
-9725.739681482315
-9543.739663362503
-9538.739647865295
-9484.739632606506
-9357.739614248276
-9134.739597797394
-8641.739581823349
