384.34643387794495
-13318.653515815735
-16800.653492450714
-19713.653473377228
-19656.653455018997
-19599.65343117714
-19478.653410196304
-19392.653389453888
-19386.653369903564
-19254.65335035324
-18860.65332865715
-18465.653299570084
-18292.653279066086
-18067.653253555298
-18035.653236865997
-17074.653209924698
-17067.653192043304
-17049.653172969818
-17032.653156757355
-17016.653141498566
-16998.653124809265
-16990.653106212616
-16977.65308904648
-16958.653074502945
-16943.65305995941
-16922.65304350853
-16905.6530251503
-16903.653010368347
-16862.65299320221
-16842.652977228165
-16627.65295958519
-15827.65293931961
-15822.652922868729
