43248.34849357605
42460.348547935486
42176.34857130051
-19735.651408195496
-19722.651386737823
-19667.651361227036
-19630.65134048462
-19627.651320695877
-19603.651298761368
-19582.65128016472
-19580.651263952255
-19578.651245117188
-19573.651225566864
-19550.65120625496
-19516.651188611984
-19488.651170253754
-19423.65115070343
-19396.651133060455
-19391.651116847992
-19328.65110063553
-19302.651083946228
-19298.65106320381
-19282.651045799255
-19256.651030302048
-19228.651013612747
-19208.650997638702
-19201.65097951889
-19077.65096306801
-19074.650948524475
-19068.65093421936
-19047.65091943741
-19000.650902032852
-18992.650882720947
-18958.650864839554
-18874.65084528923
-18769.65082669258
-18757.65081000328
-18751.65079498291
-18748.650780439377
-18722.650765419006
-18711.650748729706
-18661.65073275566
-18530.650716543198
-18488.65066719055
-18444.6506459713
-18406.650626182556
-18288.650606632233
