65735.74125695229
-5359.25869178772
-4531.2586715221405
-19669.2586517334
-19642.258633613586
-19287.258612394333
-19286.258593559265
-19248.258575439453
-19225.25855946541
-19207.258542776108
-19086.258524656296
-19062.25850558281
-18976.25848698616
-18917.25847029686
-18896.258454799652
-18854.258439540863
-18847.25842308998
-18842.258405208588
-18842.258389234543
-18834.25837302208
-18830.258357524872
-18830.258329868317
-18827.258312940598
-18806.258297920227
-18800.258281946182
-18780.258266448975
-18774.25824904442
-18754.258233070374
-18742.258217811584
-18717.258202552795
-18715.25818681717
-18589.2581717968
-18577.25815796852
-18549.25814318657
-18549.25812768936
-18546.25811314583
-18525.25809621811
-18490.25808119774
-18483.258066892624
-18477.258051633835
-18475.258036375046
-18473.258021831512
-18403.258004426956
-18380.257985830307
-18366.25796842575
-18364.2579536438
-18347.257938861847
-18345.257921218872
-18328.257905960083
-18312.25789165497
-18312.25787782669
-18301.257863521576
-18285.257848739624
-18272.257833242416
-18250.2578189373
-18248.257804870605
-18237.257789611816
-18237.25777387619
-18199.257759571075
-18187.25774359703
-18183.257728099823
-18182.257713079453
-18160.2576982975
-18157.257682800293
-18156.25766849518
-18143.25753045082
-18142.25751185417
-18132.25749564171
-18123.2574801445
-18113.25746512413
-18109.25744986534
-18085.257434606552
-18078.257418632507
-18076.257402181625
-18067.257386446
-18060.257371902466
