5015.1691954135895
61776.169245004654
73727.1692686081
-19716.83071041107
-19714.83069038391
-19680.830669879913
-19680.830651521683
-19648.830629110336
-19594.83060503006
-19572.83058643341
-19557.830568790436
-19548.830550193787
-19501.830527305603
-19469.830509662628
-19456.83049106598
-19453.830474853516
-19438.83045887947
-19434.830437898636
-19424.830420732498
-19387.830398082733
-19374.830380678177
-19343.830357313156
-19338.830330610275
-19313.830313682556
-19312.83029770851
-19311.83028125763
-19310.83026409149
-19284.830246448517
-19280.83022928238
-19272.830210208893
-19270.830191612244
-19265.830174446106
-19260.83015727997
-19249.83014011383
-19247.83012366295
-19244.830107927322
-19243.830090761185
-19237.830073595047
-19231.830057382584
-19217.830040693283
-19216.83002448082
-19207.83000779152
-19207.82999229431
-19200.82997059822
-19198.829954624176
-19193.829939365387
-19186.829922676086
-19182.82990217209
-19176.829886198044
-19173.829870939255
-19170.82985472679
-19168.829838991165
-19166.829822540283
-19161.829806804657
-19160.829792022705
-19158.829776525497
-19151.829761981964
-19143.82974600792
-19143.829730272293
