95271.15053486824
58548.15058326721
56851.15060091019
-19737.84937930107
-19597.84935760498
-19587.849335432053
-19480.849318027496
-19268.849299430847
-19125.849282503128
-18852.849264383316
-18722.849247932434
-18711.849229812622
-18601.849210739136
-18570.849191188812
-18211.8491666317
-17814.849148750305
-17763.84912967682
-17657.84910941124
-17653.849092006683
-17568.849075317383
-17404.849054574966
-17251.849032640457
-17207.8490152359
-17093.84899711609
-16981.84897828102
-16922.848958730698
-16880.84893965721
-16566.848920106888
-16542.84890437126
-16523.848889112473
-16453.848873853683
-16212.84885597229
-16210.848840713501
-16095.848823070526
-15937.848804235458
-15684.84878540039
-15624.8487637043
-15616.848747730255
-15560.848730325699
-15543.848714828491
-15352.848695278168
-15319.848677873611
-15309.848662376404
-15267.848643302917
