-6780.263844966888
-4440.263790607452
-6537.263768911362
-19748.263748407364
-19748.26372909546
-19747.26370573044
-19747.263684749603
-19747.263663053513
-19746.263645648956
-19746.263626098633
-19745.263606786728
-19745.263586759567
-19744.263568639755
-19743.263551473618
-19743.263533353806
-19743.263513088226
-19742.263496398926
-19742.263476133347
-19742.263459444046
-19740.263442993164
-19740.263426303864
-19740.263405799866
-19739.263387441635
-19739.263363599777
-19738.263345718384
-19738.26332807541
-19734.26330780983
-19734.263288736343
-19733.263269901276
-19732.263251304626
-19731.263234376907
-19730.263218164444
-19729.263200044632
-19729.263184309006
-19728.263166427612
-19728.26314687729
-19727.263125896454
-19726.263107299805
-19723.26309132576
-19722.26307439804
-19722.263055324554
-19720.263038635254
-19719.263020515442
-19718.263000011444
-19717.26298236847
-19716.26296520233
-19715.2629468441
-19715.262928009033
-19713.262911081314
-19713.26289319992
-19711.26287317276
-19711.262856960297
-19710.262840509415
-19708.26281929016
-19707.262801885605
-19707.262785196304
-19707.262770175934
-19707.262755155563
-19707.26274061203
-19706.262723445892
-19704.262708187103
-19703.262692689896
-19702.26267504692
-19702.26266002655
-19701.262644529343
-19700.262629032135
-19700.26261329651
-19699.262597560883
-19696.262580633163
-19692.26244854927
-19691.262428045273
-19691.26240992546
-19691.262392520905
