-8124.045761585236
-11380.045715093613
-18790.045694589615
-19729.04567670822
-19682.045658826828
-18845.045628786087
-18259.045605182648
-17709.04558610916
-17556.04556798935
-16700.0455493927
-16660.04553294182
-16570.045513391495
-16098.045497179031
-15893.045481443405
-15263.045464038849
-15001.04544711113
-14856.045431137085
-14558.045411586761
-14479.045396089554
-13928.04537987709
-13536.045363426208
-13480.04534459114
-12676.045324802399
-11990.045307636261
-11646.045287847519
-11177.045264959335
-10784.045246124268
-10363.045229434967
-9652.045212745667
-9086.045196056366
-9012.045180559158
-8799.045164346695
-8650.045148134232
-8345.045129060745
-8240.045110940933
-8167.045093536377
-7666.045074462891
-7283.045059204102
-5774.045043468475
-5526.045027256012
