-19095.03967809677
9457.960369110107
-15661.039610385895
-19571.03959274292
-19552.039574623108
-19522.039553165436
-19154.039526700974
-18752.039506435394
-18691.039486169815
-18550.03946828842
-18524.03944993019
-18337.039430379868
-18224.03941321373
-18139.039393663406
-18094.039376974106
-18068.039361715317
-17781.03934597969
-17774.03932929039
-17666.03931260109
-17574.039296388626
-17513.03927874565
-17497.039259195328
-17494.03924226761
-17493.039225816727
-17473.039209842682
-17464.03919363022
-17363.039175987244
-17221.039160728455
-17042.03914499283
-16971.03912949562
-16931.039114952087
-16919.039099931717
-16894.039084911346
-16884.039069890976
-16534.03905248642
-16338.039036989212
-16260.039019346237
-16205.039002656937
-15953.038984775543
-15893.038968324661
-15777.038951396942
-15676.03893661499
-15632.038920164108
-15617.038900613785
-15610.038884162903
-15510.038868665695
-15433.03885269165
-15385.038835287094
-15374.038820266724
-15252.038805007935
-15216.038790225983
-14879.038775920868
-14722.038760185242
-14651.03874540329
-14575.038729906082
-14519.0387134552
-14500.038698196411
-14389.03868341446
-14335.038668632507
-14297.038652181625
-14178.038637638092
-14136.038623809814
-13931.0386095047
-13911.038594961166
-13910.038579702377
-13892.038564920425
-13572.038549423218
