13921.806703090668
-6469.193247318268
-6731.193226099014
-19746.193207025528
-19703.19318842888
-19674.19316959381
-19659.193152189255
-19600.193131923676
-19592.193115234375
-19573.19309782982
-19432.193079948425
-19370.19305753708
-19323.193041086197
-19218.193023204803
-19157.19300174713
-19112.192982196808
-19088.19296479225
-18964.19294476509
-18911.192927360535
-18878.192910671234
-18825.19289302826
-18768.192873716354
-18767.192856311798
-18734.19283771515
-18684.19281935692
-18392.192801475525
-18378.192784547806
-18367.19276881218
-18308.19275188446
-18288.19273710251
-18030.192722558975
-17967.19270658493
-17957.19269156456
-17663.19267463684
-17545.19265937805
-17467.192644119263
-17283.192626476288
-17248.19260787964
-17228.192591428757
-17094.192573785782
-16918.192555189133
-16817.192536830902
-16718.19251894951
-16483.19249844551
-16400.19248175621
-16371.19246673584
-16190.19245147705
