41123.81712126732
43926.81716942787
43636.81719017029
-19639.1827917099
-19009.182773590088
-18869.18275308609
-16806.182733535767
-16793.18271613121
-16782.182700157166
-15828.182679653168
-14880.182660341263
-13743.18263912201
-12925.182621955872
-12699.18260383606
-12698.182587862015
-12651.182567596436
-12377.182550907135
-11861.182532310486
-11265.182513475418
-11093.182496547699
-10838.182480812073
-10818.182461977005
-10798.182442426682
-9886.182422161102
-8946.182398080826
-8939.182382583618
-8935.182365655899
-8926.182341814041
-8919.182325601578
-8913.182310819626
-8910.182295799255
-8908.182279348373
-8905.182263612747
-8901.182248592377
-8896.182233572006
-8893.182218551636
-8774.182200193405
-8722.182184934616
-8553.182170391083
-8207.182154655457
-7943.182137727737
-7936.182120800018
-7412.1821031570435
-7357.182084798813
