12377.309404373169
4772.3094527721405
1357.3094737529755
-19741.69050717354
-19722.690489530563
-19718.690470457077
-19692.69045138359
-19679.690433502197
-19679.690416812897
-19678.690398216248
-19678.690380573273
-19674.69036269188
-19644.690334558487
-19635.690316200256
-19632.690297603607
-19595.69028043747
-19547.690264940262
-19520.690247774124
-19498.690231323242
-19465.690215587616
-19444.690198898315
-19427.690176963806
-19396.690156936646
-19389.690137147903
-19362.690113544464
-19333.690091848373
-19327.69007372856
-19274.690057992935
-19257.69004225731
-19198.69002509117
-19188.690007686615
-19177.689989566803
-19105.68997144699
-19070.689955472946
-19001.68993997574
-18935.68992447853
-18912.689905166626
-18787.68988442421
-18780.689868211746
-18775.68985271454
-18757.68983721733
-18735.689820051193
-18734.689804553986
-18728.689785718918
-18675.689766168594
-18667.689750671387
-18644.68973517418
-18640.68971800804
-18608.689702749252
