140131.80229711533
-11747.19764995575
139615.80237174034
-19747.19760775566
-19744.197583913803
-19744.197561264038
-19731.19753932953
-19723.197519302368
-19716.197500944138
-19705.197480916977
-19695.197463274002
-19655.197443962097
-19655.19742679596
-19654.19740962982
-19631.197391986847
-19600.197376012802
-19577.197359085083
-19562.19733929634
-19551.19732260704
-19545.19730567932
-19544.197288274765
-19541.197266578674
-19522.197249174118
-19515.197231292725
-19510.197214365005
-19499.19719696045
-19486.197177648544
-19485.19716000557
-19478.197143554688
-19477.197127103806
-19467.197105646133
-19460.19708633423
-19460.197069883347
-19456.197053194046
-19434.197034835815
-19433.197018623352
-19424.196999549866
-19412.196981191635
-19405.19696521759
-19388.196947336197
-19373.196929216385
-19371.19691157341
-19370.196895360947
-19365.19687652588
-19362.196856737137
-19341.196840047836
-19338.19682431221
-19330.19680595398
-19312.19678235054
-19307.19676589966
-19303.19674897194
-19278.19672846794
-19259.19671010971
-19250.196690559387
-19240.196673631668
-19223.196651935577
-19200.196622133255
-19196.196602344513
-19196.196583986282
-19186.196565151215
-19185.19654917717
-19180.196532726288
-19178.19651722908
-19172.19628429413
-19154.196261644363
-19147.19624209404
