-10233.984641075134
38150.01540899277
44100.0154299736
-18876.984550714493
-18707.984533309937
-16243.98451089859
-15586.98449254036
-14163.984473705292
-13946.984457492828
-13939.984440088272
-12964.984417915344
-12934.984397888184
-12596.984377861023
-12510.98436164856
-12234.984342813492
-11619.984323978424
-11434.984307050705
-11418.984288930893
-11135.984273195267
-10731.984252691269
-8334.984229326248
-8128.984211444855
-7690.984195232391
-5754.984173536301
-5116.984157323837
-4362.984140872955
-4267.9841232299805
-4066.984107732773
-2714.984091281891
-1897.9840726852417
-1124.984054327011
-1119.9840376377106
-801.9840199947357
3250.015998363495
3395.0160150527954
4225.0160343647
8066.016058683395
8066.016074419022
9165.016089200974
9386.016105175018
10332.016122102737
18173.016137123108
19642.016152858734
19646.016172409058
19650.01619052887
19654.016208171844
19659.016225337982
19668.016243219376
