-13558.449404716492
-13938.449356079102
-19599.44933438301
-19528.449315309525
-19280.449297189713
-19239.449274539948
-19117.449255228043
-19093.449237585068
-19072.44922018051
-18999.449202775955
-18862.44918322563
-18269.449157238007
-18235.449137449265
-18074.449120521545
-18066.449102640152
-17948.449085712433
-17859.449068784714
-17816.44904899597
-17749.449031352997
-17704.44901394844
-17650.448996067047
-17571.448976516724
-17457.448959589005
-17283.44894051552
-17277.44892334938
-17274.448905706406
-17263.448887109756
-17246.448870182037
-17154.448853492737
-17060.448835372925
-17014.4488158226
-17005.448798894882
-16767.448777914047
-16723.448760271072
-16720.44874238968
-16686.44872689247
-16678.44870853424
-16624.448690652847
-16621.448674201965
-16621.448657989502
-16614.448642015457
-16606.44862651825
-16545.448608398438
-16506.448587179184
-16431.448566675186
-16396.448550462723
-16104.448531866074
-16002.448513031006
-15842.448497056961
