53325.57090759277
57158.57095718384
43428.57097887993
-19742.428998708725
-19718.428979873657
-19718.428959846497
-19717.428941249847
-19716.428925037384
-19710.42890882492
-19708.42889046669
-19707.428873062134
-19673.428852558136
-19670.428836107254
-19667.428817510605
-19664.42880010605
-19664.428784132004
-19662.428765058517
-19654.428743362427
-19653.428725004196
-19650.428706407547
-19648.428689956665
-19648.428671121597
-19639.428651332855
-19631.428635120392
-19620.428617239
-19619.428599596024
-19616.42858028412
-19606.428564310074
-19599.428547859192
-19586.428532361984
-19576.42851638794
-19574.428500652313
-19565.428485393524
-19565.428470611572
-19564.428456306458
-19538.42844080925
-19536.428424835205
-19532.428407907486
-19523.42839026451
-19494.428371667862
-19491.428356170654
-19484.428338050842
-19473.42832303047
-19469.428302288055
-19463.428284168243
-19429.428267478943
-19397.42824625969
-19387.428226947784
-19338.428205013275
-19336.428188562393
-19307.42817044258
-19294.428152799606
-19293.42813682556
-19280.42812013626
-19279.428102731705
-19249.42808651924
-19243.428071975708
-19240.428055524826
-19236.428037643433
