-9753.73509645462
-8248.735048770905
-12660.735029697418
-19749.735011816025
-19740.734995365143
-19712.734974861145
-19583.734954833984
-19538.734937906265
-19528.73492193222
-19507.7349050045
-19505.73488855362
-19492.734871149063
-19487.7348549366
-19473.73483800888
-19472.734821796417
-19424.734805107117
-19412.734787464142
-19389.73476958275
-19385.734751939774
-19371.734734773636
-19341.734718561172
-19247.734699726105
-19194.73468017578
-19158.734662532806
-19145.734644174576
-19127.734627723694
-19125.73461008072
-19103.734591960907
-19088.734575271606
-19050.734558820724
-19030.734539985657
-18965.734523296356
-18921.73450565338
-18821.734487771988
-18732.73447036743
-18690.734454631805
-18663.734437465668
-18616.73442220688
-18434.734404563904
-18433.734388828278
-18425.734372615814
-18362.734356164932
-18349.734315872192
-18298.73429632187
-18180.73427796364
-18141.7342607975
-18118.734244823456
-18006.734226226807
-17964.73420882225
-17960.7341940403
-17951.734179735184
-17914.734162330627
-17826.734146118164
-17759.734131097794
-17720.73411631584
