-5855.986135959625
75048.01391243935
-13324.986067295074
-19736.98604774475
-19713.986028671265
-19702.98600792885
-19601.985986471176
-19531.985964775085
-19444.985946178436
-19444.98592877388
-19444.98591184616
-19444.985894680023
-19423.98587679863
-19404.985858678818
-19357.985837697983
-19319.985820531845
-19317.985803365707
-19313.98578476906
-19307.985769033432
-19293.98575258255
-19279.98573732376
-19197.98571705818
-19185.98569893837
-19128.985681295395
-19119.98566508293
-19108.985648870468
-19084.985631227493
-19079.98561525345
-19078.98559975624
-19078.98558473587
-19005.98556995392
-18943.985555410385
-18938.985540628433
-18877.98552441597
-18876.985510349274
-18852.985493659973
-18832.985473632812
-18829.985457897186
-18810.98544216156
-18792.985426187515
-18760.985411405563
-18729.98539495468
-18729.985377550125
-18725.98535633087
-18722.98533987999
-18703.985324382782
-18679.985308647156
-18670.985291957855
-18616.985275268555
-18614.98525738716
-18494.98524069786
-18475.985224485397
-18467.98520898819
-18452.985194206238
