-13657.496241569519
-12384.496178388596
-13321.49615573883
-19721.496136188507
-19707.49609851837
-19688.496076107025
-19677.496057510376
-19676.4960398674
-19654.496021986008
-19532.49600148201
-19504.49598288536
-19475.49596095085
-19454.495943069458
-19435.49592447281
-19424.495906591415
-19418.495888471603
-19369.49587035179
-19366.495849132538
-19325.49583029747
-19321.495813131332
-19245.49579358101
-19210.49577188492
-19199.49575304985
-19128.49573302269
-19121.495713949203
-19097.495695352554
-19082.4956741333
-19041.49565601349
-18792.495632886887
-18782.495616436005
-18739.495599508286
-18738.49558210373
-18699.495565652847
-18573.49554848671
-18550.495531320572
-18432.495512008667
-18398.495493412018
-18396.49547624588
-18341.495459079742
-18288.495440483093
-18199.495421886444
-18058.49540257454
-18021.4953854084
-17978.49536538124
-17906.49534726143
-17898.495331287384
-17897.495312929153
-17891.49529361725
-17884.4952750206
-17862.495258808136
-17856.495242118835
-17830.49522304535
-17829.495205402374
-17827.49518918991
-17798.495168209076
-17774.495150089264
-17767.495132684708
-17695.49511408806
-17690.495097398758
-17657.49507689476
-17629.495059728622
-17621.495042800903
-17585.49502301216
-17544.495006084442
-17523.49498963356
-17440.49496769905
-17410.49494957924
