-15900.009558916092
-14715.009507417679
-7360.0094871521
-19672.009469509125
-19634.009449481964
-19623.009428024292
-19617.00940966606
-19228.009384155273
-19097.00933241844
-18986.00931406021
-18917.009294509888
-18587.009268522263
-18499.009250164032
-18496.009234666824
-18441.009217977524
-18424.009202480316
-18292.00918316841
-18289.00916647911
-18200.009144306183
-18135.009125947952
-17970.00910758972
-17871.0090880394
-17753.00907111168
-17665.009054660797
-17489.00903749466
-17351.00902080536
-17286.0090007782
-17203.00898385048
-17151.00896692276
-16878.008947134018
-16846.008931159973
-16761.008914470673
-16744.00889968872
-16726.008885622025
-16600.008870840073
-16547.008855819702
