60626.077365875244
51397.0774140358
47128.077432870865
-19739.922547340393
-19708.922524929047
-19707.92250418663
-19693.922485113144
-19676.922468423843
-19608.922449588776
-19594.92243218422
-19593.92241716385
-19583.922399044037
-19576.922380924225
-19574.92236351967
-19571.92232656479
-19533.922309160233
-19528.922293186188
-19487.922273159027
-19442.922251701355
-19422.922233581543
-19422.922217607498
-19413.922198534012
-19379.92218017578
-19370.92216515541
-19369.92215013504
-19311.922129154205
-19307.922108650208
-19261.92208790779
-19251.922071695328
-19235.922055721283
-19148.92203617096
-19147.92201948166
-19144.92200446129
-19092.921987056732
-19055.921969413757
-19043.92195224762
-18973.92192864418
-18961.92191195488
-18942.92189359665
-18931.921875
-18928.921859502792
-18913.921842336655
-18905.921825408936
-18885.921805143356
-18875.92178750038
-18857.92177081108
-18816.9217543602
-18802.921734809875
-18764.921718120575
-18750.921703338623
-18711.92168712616
-18708.921672344208
-18695.921657562256
-18692.92164325714
-18649.921625852585
-18645.921609163284
-18642.921594381332
-18630.921580314636
