92882.1107275486
85033.11077451706
78813.11079406738
-18978.889188289642
-18335.889168977737
-17694.889149665833
-13711.889132499695
-13708.889117002487
-12686.889100074768
-12625.8890812397
-12396.889063358307
-11253.889046430588
-10892.889030456543
-9672.8890106678
-7312.888989686966
-6518.888967037201
-6205.888948202133
-6090.888930559158
-2187.8889076709747
-642.8888847827911
-394.8888647556305
-385.8888466358185
-367.8888301849365
369.1111857891083
480.11120200157166
486.11121678352356
1680.111233472824
1683.1112489700317
5414.111266613007
5977.111282587051
7696.111299753189
8101.11131477356
8605.111330032349
9075.111345529556
9076.111361026764
9081.111375808716
9081.111393213272
12807.111408472061
18483.11142396927
20668.111438512802
23301.111453533173
36338.11146903038
39070.11148381233
39195.111501693726
41018.11151814461
41400.111535310745
42085.111553668976
42348.111570596695
43909.111587285995
43973.111602544785
43993.11161828041
