-16865.129153966904
4125.870893478394
2649.870916366577
-19725.129064321518
-19688.12904524803
-19684.12902545929
-19295.12900042534
-19204.12898373604
-19204.128967523575
-19155.128947257996
-19103.12892627716
-19058.12890315056
-19050.12888598442
-19039.12886929512
-19024.128851652145
-18949.128833532333
-18870.128813266754
-18830.12879395485
-18814.128775835037
-18659.128757238388
-18639.128742218018
-18486.128720998764
-18482.12870335579
-18482.128687620163
-18481.128672361374
-18469.128656625748
-18351.128636598587
-18315.128619909286
-18310.128604650497
-18310.128590106964
-18310.12857556343
-18310.12856078148
-18309.128546476364
-18309.12853193283
-18309.128517866135
-18308.128503084183
-18308.1284866333
-18308.12847137451
-18308.12845659256
-18308.12844157219
-18308.128427505493
-18308.12841296196
-18308.128398656845
-18307.12838101387
-18307.128365516663
-18305.12835097313
-18223.128335237503
-18097.128316879272
-18020.128301382065
-18001.128284454346
-17991.128269433975
-17942.12825345993
