-10810.610792160034
-10608.610742807388
-7256.610721588135
-19747.61070251465
-19742.610683202744
-19740.610662460327
-19658.610639333725
-19541.610617160797
-19517.610599040985
-19483.610579252243
-19467.610559940338
-19449.61054110527
-19426.610523700714
-19423.610506772995
-19416.61048936844
-19404.61047244072
-19398.610455513
-19393.61043715477
-19389.610419034958
-19229.61040019989
-19139.610372781754
-19139.610325813293
-19089.61030626297
-19023.610289812088
-18954.6102707386
-18952.610255002975
-18914.610234737396
-18909.610218286514
-18903.610202550888
-18878.610186576843
-18847.610170841217
-18830.610152721405
-18824.61013650894
-18809.61012005806
-18796.61010336876
-18750.61008620262
-18622.610065221786
-18617.61004924774
-18531.61003088951
-18356.61000943184
